-0.308709
-0.23118
0.000662804
0.398588
0.397776
-0.198331
-0.294758
0.0738459
0.0992498
-0.309458
-0.255882
0.112396
0.0682259
-0.0822544
-0.275743
-0.371708
-0.265491
-0.0312681
0.00572109
0.0930147
0.320729
0.142726
-0.348226
-0.0451336
0.405839
0.258246
-0.099369
-0.676959
-0.513662
0.370248
0.497551
0.0840054
-0.12814
0.0588722
0.102777
-0.208364
-0.115911
0.0665121
-0.0415316
0.0857296
0.117845
-0.0400286
0.143
0.12871
-0.0147896
0.164167
0.420157
0.241661
-0.189477
-0.303802
0.00930882
0.274574
0.418414
0.131065
-0.533816
-0.402698
0.178707
-0.024766
-0.25118
0.0302486
-0.133658
-0.354989
0.0100794
0.0248108
-0.207372
-0.131096
0.0589266
0.197312
0.131862
-0.0410547
-0.208869
-0.222189
0.307477
0.596068
-0.0140543
-0.394835
-0.360617
0.124147
0.458492
0.0310535
-0.065815
0.316964
0.230893
-0.127734
-0.549458
-0.408266
0.365423
0.371564
-0.170388
-0.257648
0.00142288
0.297939
0.372696
0.0258293
-0.180478
-0.0617733
0.0429335
0.0211792
-0.112923
-0.139625
-0.039835
0.12202
0.0154095
-0.353438
-0.264764
0.209994
0.425673
0.307461
-0.0619373
-0.439782
-0.250959
0.234756
0.159315
-0.0894957
-0.00679874
0.057826
0.0378256
0.131684
0.136754
-0.049057
-0.0118847
-0.0236902
-0.0775576
-0.0631933
-0.122723
-0.0397558
-0.0289268
-0.346354
-0.444052
-0.0595655
0.0542784
0.0451889
0.0653429
0.0606232
-0.112221
-0.183642
0.261188
0.457116
0.237316
0.0557384
-0.107281
0.168336
0.308287
-0.113944
0.0272217
0.174878
0.180482
0.353539
0.00414181
-0.339486
0.111336
0.389533
0.0272427
-0.317594
-0.391114
-0.34369
-0.0721054
-0.0629702
-0.191742
-0.161976
-0.234625
-0.264745
0.0441647
0.15986
-0.02742
-0.11585
0.0264683
0.227674
0.113109
-0.037612
0.273809
0.519185
0.296756
0.138079
0.0497551
0.00932598
0.016201
-0.071105
-0.132133
-0.149185
-0.151182
-0.0285883
-0.314744
-0.395213
0.0151939
0.00620079
-0.444
-0.483288
-0.0371351
0.0684366
0.0857306
0.158362
-0.0542259
0.0208721
0.402824
0.471917
0.112259
0.0148315
0.312569
0.427672
0.137702
-0.0478563
-0.0632677
-0.413108
0.0416594
0.715706
0.355689
-0.227631
-0.277088
-0.24964
-0.324762
-0.170897
-0.171435
0.00915146
0.0925074
-0.34234
0.0392103
0.383661
-0.323535
-0.22218
0.176598
-0.324576
0.00155258
0.619245
-0.0924206
-0.583388
0.221489
0.332759
-0.409275
-0.313805
-0.0130987
-0.0739059
0.164295
0.40448
0.281412
-0.053792
-0.112987
0.0200891
-0.180558
0.00711727
0.382931
0.217389
0.126457
0.0887232
-0.0120592
-0.0114822
-0.147422
-0.11755
0.241803
0.106658
-0.245848
-0.0127745
0.0575018
-0.217961
-0.13791
-0.0498095
-0.157607
-0.264067
0.303485
0.338487
-0.366055
-0.342577
0.0603752
0.140796
0.243336
0.0867558
-0.293227
-0.0414581
-0.00696373
-0.0338182
-0.139544
-0.0965881
0.486347
0.634722
0.161092
-0.117578
-0.318713
-0.218632
0.174175
0.0771284
-0.324706
-0.112778
0.129087
-0.094965
-0.0257673
-0.0731745
-0.536397
-0.526601
0.0851126
0.392541
0.0850649
0.311968
0.335715
-0.114073
0.159433
0.222713
-0.019207
0.276315
0.482985
0.301701
0.0899153
-0.180629
-0.465396
-0.0978088
0.0626717
-0.275998
-0.143285
-0.0962753
-0.27302
0.017437
0.186357
-0.20681
-0.052331
0.457479
0.0674458
-0.31389
0.00988674
-0.340037
-0.333421
0.27625
0.0962353
-0.270006
-0.0849848
-0.0538082
-0.25754
0.101322
0.330712
0.0615129
-0.206964
0.220786
0.522324
0.0695171
-0.165659
-0.0220118
0.130016
0.0584059
-0.0260706
-0.00190258
-0.164125
-0.274019
0.171282
0.234612
-0.135024
-0.0212374
-0.0494823
-0.0992031
0.392941
0.277172
-0.0659237
0.290745
0.218329
-0.232339
-0.131474
0.00398064
-0.176464
-0.193585
0.101176
0.155368
-0.18994
-0.219889
-0.27895
-0.487612
-0.0286064
0.0864544
-0.26312
0.223203
0.492358
0.0354843
0.00291824
0.118871
-0.0360641
0.0846243
0.334955
0.0521049
-0.0927601
0.166576
0.157228
-0.208002
-0.127345
0.24126
-0.110991
-0.346985
0.044508
0.232389
-0.233
-0.29793
-0.0146303
-0.00590515
-0.0887394
-0.301719
-0.186489
-0.154634
-0.0843401
0.47558
0.440605
-0.0742626
0.0551834
0.371618
0.336457
0.128446
-0.293983
-0.51877
-0.158449
0.229826
0.283861
0.0508652
0.0379305
0.062623
0.0204782
0.11646
-0.0676355
-0.160121
0.064393
0.0760117
-0.184176
-0.21594
-0.027564
0.0751534
-0.0356503
-0.0824175
0.11189
-0.0965395
-0.381755
-0.116873
0.0326662
-0.10769
-0.00724602
0.208153
0.277203
-0.0248041
0.007761
0.276054
-0.29782
-0.405673
0.128945
0.133686
-0.104095
-0.370998
-0.700287
-1.02217
-1.40807
-1.67957
-0.857812
2.73501
7.78506
12.5805
15.7931
13.5768
3.7742
-12.6409
-29.5393
-37.8704
-35.1678
-23.7758
-6.39363
12.8848
29.5371
38.5637
37.3566
27.7339
14.0484
1.90564
-5.28177
-7.88074
-9.19171
-10.6711
-9.90359
-6.12171
-2.72116
-3.04793
-6.6422
-11.3315
-15.5811
-18.6373
-19.9522
-15.4621
-1.99026
17.6775
25.4238
15.8943
9.71904
8.19167
10.989
14.3185
9.20445
-3.88961
-9.23332
1.57025
9.58
10.9919
7.67258
1.56899
-5.45458
-14.9023
-22.9067
-23.9067
-18.4496
-7.17857
6.90816
14.031
8.63554
2.68789
-0.957668
-5.43555
-5.0901
-5.06321
-8.83171
-7.009
4.91632
16.3346
21.1014
20.6317
11.959
2.8069
1.64842
2.01073
-0.63319
-5.18334
-9.49596
-9.89294
-12.5831
-24.0424
-31.6543
-27.6155
-24.8159
-11.3975
35.8006
87.1602
104.281
75.6206
20.6837
-8.66606
-16.9324
-63.7592
-124.669
-125.008
-63.663
8.8938
45.2703
36.9553
12.9752
-5.92664
-11.2522
-0.165999
15.6477
33.3362
65.4061
94.5897
77.7191
24.6293
-17.781
-33.1208
-20.6239
-1.26902
-10.6045
-36.8278
-53.6579
-61.7448
-54.9017
-36.6796
-24.7693
-15.5911
2.84216
25.5875
40.8392
46.3983
47.6013
43.8387
31.2818
12.7935
-4.07027
-13.6337
-16.5106
-16.0962
-14.3322
-12.6588
-11.8294
-10.7003
-8.43604
-5.18134
-0.869617
3.5107
6.7065
9.06642
12.1362
15.6699
15.4573
7.33761
-6.52803
-17.0917
-13.1446
3.35686
10.6393
-2.35347
-18.2089
-16.6086
-3.17011
-1.37736
-16.8508
-23.135
